0.989
1.053
1.213
0.631
0.763
0.644
0.801
0.467
0.930
1.013
0.864
0.528
0.394
0.221
0.521
0.665
0.307
0.346
0.569
0.240
0.499
0.409
0.305
0.284
0.112
0.480
0.265
0.434
0.348
0.251
0.179
0.437
0.579
0.123
0.429
0.569
0.225
0.224
0.234
0.105
0.313
0.165
0.334
0.314
0.262
0.265
0.602
0.360
0.422
0.429
0.132
0.325
0.125
0.165
0.089
0.115
0.155
0.320
0.319
0.443
0.175
0.376
0.298
0.066
0.383
0.215
0.184
0.186
0.059
0.335
0.197
0.047
0.143
0.092
0.089
0.013
0.363
0.181
0.066
0.053
0.100
0.136
0.026
0.084
0.034
0.047
0.082
0.113
0.208
0.021
0.023
0.015
0.085
0.098
0.086
0.069
0.054
0.057
0.052
0.038
0.048
0.053
0.039
0.014
0.073
0.029
0.007
0.041
0.060
0.020
0.034
0.056
0.044
0.035
0.060
0.021
0.025
0.011
0.023
0.007
0.011
0.009
0.025
0.014
0.013
0.010
0.022
0.035
0.010
0.033
0.015
0.021
0.012
0.008
0.014
0.014
0.014
0.007
0.018
0.018
0.014
0.015
0.017
0.016
0.015
0.010
0.005
0.012
0.013
0.019
0.008
0.011
0.013
0.003
0.009
0.008
0.012
0.007
0.004
0.015
0.005
0.014
0.006
0.014
0.012
0.016
0.011
0.012
0.013
0.004
0.008
0.009
0.014
0.009
0.010
0.006
0.012
0.006
0.006
0.008
0.010
0.012
0.005
0.007
0.006
0.007
0.009
0.007
0.008
0.007
0.005
0.007
0.003
0.012
0.012
0.002
0.005
0.009
0.004
0.005
